9.47185&-3.1514359&[0.5, 0.0, 1.0, 1.0]
9.472342&-2.0275824&[0.5, 0.0, 1.0, 1.0]
9.663935&-2.36953&[0.5, 0.0, 1.0, 1.0]
9.159571&-2.3094258&[0.5, 0.0, 1.0, 1.0]
9.065282&-3.346026&[0.5, 0.0, 1.0, 1.0]
9.228117&-2.5913672&[0.5, 0.0, 1.0, 1.0]
9.52556&-0.70253265&[0.5, 0.0, 1.0, 1.0]
9.109934&1.7998707&[0.5, 0.0, 1.0, 1.0]
8.969811&2.7177906&[0.5, 0.0, 1.0, 1.0]
8.541525&2.7853875&[0.5, 0.0, 1.0, 1.0]
8.047396&1.1797265&[0.5, 0.0, 1.0, 1.0]
7.267715&0.8954642&[0.5, 0.0, 1.0, 1.0]
7.2880583&0.9247191&[0.5, 0.0, 1.0, 1.0]
6.967586&0.9646888&[0.5, 0.0, 1.0, 1.0]
6.7680535&1.008317&[0.5, 0.0, 1.0, 1.0]
6.402889&1.1704321&[0.5, 0.0, 1.0, 1.0]
6.5636005&0.94221616&[0.5, 0.0, 1.0, 1.0]
1.0654&1.2185317&[0.5, 0.0, 1.0, 1.0]
1.6387616&2.1587&[0.5, 0.0, 1.0, 1.0]
1.7603886&2.5945137&[0.5, 0.0, 1.0, 1.0]
0.8248532&4.232068&[0.17058823529411765, 0.4946558433997788, 0.9667184042691874, 1.0]
1.6961324&4.4970055&[0.17058823529411765, 0.4946558433997788, 0.9667184042691874, 1.0]
1.5444704&2.5015635&[0.17058823529411765, 0.4946558433997788, 0.9667184042691874, 1.0]
0.8982804&4.1780467&[0.17058823529411765, 0.4946558433997788, 0.9667184042691874, 1.0]
0.61916476&4.0230694&[0.17058823529411765, 0.4946558433997788, 0.9667184042691874, 1.0]
-0.83120596&2.9419718&[0.17058823529411765, 0.4946558433997788, 0.9667184042691874, 1.0]
-0.9277834&2.7418156&[0.17058823529411765, 0.4946558433997788, 0.9667184042691874, 1.0]
1.8101773&1.3754294&[0.17058823529411765, 0.4946558433997788, 0.9667184042691874, 1.0]
2.431046&4.565836&[0.17058823529411765, 0.4946558433997788, 0.9667184042691874, 1.0]
0.48913646&7.2455935&[0.17058823529411765, 0.4946558433997788, 0.9667184042691874, 1.0]
0.444301&6.130057&[0.17058823529411765, 0.4946558433997788, 0.9667184042691874, 1.0]
0.8415495&5.12643&[0.17058823529411765, 0.4946558433997788, 0.9667184042691874, 1.0]
0.06354499&6.715081&[0.17058823529411765, 0.4946558433997788, 0.9667184042691874, 1.0]
2.0929408&5.6108255&[0.17058823529411765, 0.4946558433997788, 0.9667184042691874, 1.0]
2.4627378&3.7527373&[0.17058823529411765, 0.4946558433997788, 0.9667184042691874, 1.0]
1.930633&5.174692&[0.17058823529411765, 0.4946558433997788, 0.9667184042691874, 1.0]
1.8037342&1.1442966&[0.17058823529411765, 0.4946558433997788, 0.9667184042691874, 1.0]
2.0496867&1.1816207&[0.17058823529411765, 0.4946558433997788, 0.9667184042691874, 1.0]
1.5690416&0.17273882&[0.17058823529411765, 0.4946558433997788, 0.9667184042691874, 1.0]
2.015964&1.0813967&[0.17058823529411765, 0.4946558433997788, 0.9667184042691874, 1.0]
-3.73282&1.884824&[0.16666666666666663, 0.8660254037844386, 0.8660254037844387, 1.0]
-3.6362724&1.8294165&[0.16666666666666663, 0.8660254037844386, 0.8660254037844387, 1.0]
-3.624217&1.7434411&[0.16666666666666663, 0.8660254037844386, 0.8660254037844387, 1.0]
-3.4686007&1.7822284&[0.16666666666666663, 0.8660254037844386, 0.8660254037844387, 1.0]
-3.3951743&1.7226003&[0.16666666666666663, 0.8660254037844386, 0.8660254037844387, 1.0]
-3.222267&1.616707&[0.16666666666666663, 0.8660254037844386, 0.8660254037844387, 1.0]
-3.170669&1.348048&[0.16666666666666663, 0.8660254037844386, 0.8660254037844387, 1.0]
-3.219651&1.202563&[0.16666666666666663, 0.8660254037844386, 0.8660254037844387, 1.0]
-3.1382632&1.1727582&[0.16666666666666663, 0.8660254037844386, 0.8660254037844387, 1.0]
-3.2144063&1.072773&[0.16666666666666663, 0.8660254037844386, 0.8660254037844387, 1.0]
-3.2920423&1.0530484&[0.16666666666666663, 0.8660254037844386, 0.8660254037844387, 1.0]
-3.3909135&0.9183118&[0.16666666666666663, 0.8660254037844386, 0.8660254037844387, 1.0]
-3.3893542&0.8759052&[0.16666666666666663, 0.8660254037844386, 0.8660254037844387, 1.0]
-3.3754811&0.83534473&[0.16666666666666663, 0.8660254037844386, 0.8660254037844387, 1.0]
-3.6615539&0.7311008&[0.16666666666666663, 0.8660254037844386, 0.8660254037844387, 1.0]
-3.7917695&0.693872&[0.16666666666666663, 0.8660254037844386, 0.8660254037844387, 1.0]
-3.9452615&0.88059884&[0.16666666666666663, 0.8660254037844386, 0.8660254037844387, 1.0]
-4.15856&0.91055936&[0.16666666666666663, 0.8660254037844386, 0.8660254037844387, 1.0]
-4.200671&0.91356957&[0.16666666666666663, 0.8660254037844386, 0.8660254037844387, 1.0]
-4.326003&0.9545984&[0.16666666666666663, 0.8660254037844386, 0.8660254037844387, 1.0]
